603959
000566
000972
300264
000571
002168
688520
000980
600892
603843
000670
000890
688062
002047
002207
300478
300368
600185
300266
002069
600405
301666
600397
688498
300472
688702
300237
603398
688256
603377
300364
301377
688808
603389
300436
603825
300469
600358
300085
688260
002868
300313
603256
600610
002569
300736
600198
000889
603557
688141
002513
300394
600769
002905
688316
300757
000669
300033
300301
688585
002313
688521
300056
600844
002289
600322
300530
301396
300502
000659
002058
600281
300604
688313
600172
688177
600671
300340
300308
300489
300094
002428
688041
300477
002211
002629
300269
300051
600753
002501
000721
300209
300426
300199
688627
300620
300492
000509
002848
301165
688795
688802
300071
600238
301392
688796
301611
300220
688506
688629
688192
300548
688766
600593
688630
300255
000632
300765
002837
688037
002306
601869
300720
002121
688195
688361
300570
002248
002052
300857
600550
688519
600119
688622
688266
603778
605376
000820
002529
002524
300972
002316
301696
000711
002786
688300
600183
688047
002564
688146
603893
603226
688048
603598
000007
688200
301128
002384
688147
688331
688373
603007
002653
688502
300730
603663
300803
603773
600132
600589
603629
688797
600105
300300
603800
688635
301626
688072
001309
300459
001267
301005
002647
688818
688017
688668
300903
688359
603929
301285
688433
002269
600734
688183
688757
300475
603322
301217
002369
688120
603061
002222
002348
603789
301205
300464
300567
002980
300588
605318
600881
002742
301536
300204
300179
600725
300591
688327
002506
002323
301319
300503
002290
300814
000679
300476
300528
300169
301183
002463
603580
002636
002199
603822
002916
603268
300069
002607
603459
688525
301308
001270
002520
002305
000488
301550
002261
301013
000657
001331
688031
688449
600265
688025
688107
002172
601933
688820
300835
688258
600337
688110
000953
002371
300128
603895
603986
603823
300302
300661
688409
300123
301316
301511
600136
301526
300846
688167
688347
600530
688662
002490
002718
603175
000518
688027
301489
300054
002779
600396
002005
601519
688012
688235
000506
600353
600539
301583
301018
688809
600280
688319
688019
003010
605289
688432
300167
688783
000070
300870
688102
688090
002319
603119
002655
300806
002512
600118
688661
000595
300458
688127
001389
688549
000688
300013
688813
688807
300657
002189
000691
000692
300260
688652
688008
002813
002552
300843
300210
300346
603880
301228
300561
002072
002163
000995
688603
002785
002713
605255
300242
603530
300731
603407
002896
002855
301200
002378
300706
001359
603516
688233
688082
688523
002213
600744
301269
300663
688611
600793
002482
688617
002747
605117
002281
002931
300096
688143
301070
000831
002134
000536
300097
603863
002816
688322
600234
002436
301369
000504
688530
688382
002789
600520
603203
300380
000017
603650
603186
600673
688759
002943
301209
300249
000988
301306
300551
000633
301021
688545
300467
002979
000510
001339
300718
603052
688775
688392
600726
300624
688781
600331
301629
603435
300410
301182
300722
688150
000520
300131
002484
688700
002693
688205
000695
688625
300688
301312
300342
300671
300299
002364
688785
600536
002992
688383
603616
600601
688362
300895
300836
600661
002719
300723
601606
688198
300395
300408
688197
688605
600743
300345
600343
300061
603335
688257
300449
603124
003036
688729
688002
688593
300672
002491
300461
301338
000593
301286
600698
300666
300811
002796
300419
600869
600221
002902
301232
300762
300626
301169
688981
688787
301563
600071
688268
688270
688712
688669
002409
301486
300689
002851
601100
002536
600186
300136
603115
003026
688328
688148
300139
003004
603608
002414
000981
300700
300536
600666
300819
601126
300442
688548
002431
688222
688206
600156
002354
605118
688229
688418
300191
603083
600936
688727
002652
688720
300339
300322
002640
688123
688220
301669
002032
688081
300400
688020
600678
003018
300779
002975
300052
300684
002066
300573
603699
300678
688111
000534
300969
605298
603669
301086
300022
688295
600206
001337
688758
300781
301606
688277
688691
300042
300455
301045
688515
688806
688583
002859
300285
003031
301345
688387
688003
688248
688160
301529
688578
301592
300465
300370
300487
688800
002028
300985
688411
603826
300868
603040
300776
688213
600807
603009
002036
688191
688165
302132
600719
001280
605178
688278
000408
000798
688777
000938
300649
688221
688227
688568
300331
300579
301362
603618
603306
301510
300077
002842
002862
002178
301568
600519
605098
002583
300328
002205
000766
002141
688488
300863
300153
301075
301321
002847
300990
600149
002076
000503
301031
603738
688535
603728
603261
301531
688701
300050
688811
600506
603813
301600
603505
688690
300065
688103
603103
000962
688375
300518
688385
688577
002167
300959
600228
300866
688234
688428
600259
688108
000759
603099
002622
002938
600246
688615
601698
688343
002156
688610
000586
301599
300553
002654
688028
300168
301055
605389
688109
300749
603737
603163
601208
000815
688318
301099
002338
603660
688656
688663
688765
688677
300399
000010
002046
601138
300975
301007
002827
688692
603879
000811
300293
300997
603211
603938
603990
300576
000020
002888
300201
300853
688825
301093
603950
301389
301317
688456
688443
688685
300045
600319
688531
603881
000796
300795
300468
688180
688582
688188
300938
603757
300540
001257
600121
300751
600778
300668
603078
001896
603090
002377
603308
300542
300189
688215
301357
603019
605198
301638
603356
300078
300710
688307
688595
301421
603316
002210
605199
688306
603360
002596
300499
002317
300256
603665
600212
000839
603139
002235
000029
688655
688793
603286
301079
301263
002625
002310
301191
603171
300606
301248
603129
300912
688786
300589
301448
000592
600831
688365
002217
300053
000892
002119
688309
301123
300698
603262
301259
600962
603779
300555
603067
300024
603110
002259
002214
600276
300766
000628
301373
688001
300283
002919
688158
688676
688693
603536
688091
600066
300236
300223
300521
002027
603045
301413
688628
603159
002937
603288
002836
300991
000547
603228
603376
002778
603496
600715
002356
301630
300270
603682
301458
000533
300628
688480
001399
301072
301678
603025
603701
001203
000908
688403
301225
600877
600436
000727
600889
300049
688325
300058
603991
301015
688390
300859
300506
002374
688166
600115
002326
688018
300480
600624
688112
300622
688416
600111
301596
002892
300287
000977
002690
002795
002329
605179
002031
002256
002527
688805
600127
688308
688333
300493
300091
300353
300466
603269
600236
301024
688485
688176
301566
603200
301571
300738
300581
301603
300885
600365
002990
300855
002741
301326
301213
603031
002707
688011
600602
300655
300432
002901
688368
300460
002353
002272
300750
603662
603667
000702
300438
300111
603177
000903
688708
300964
300907
300205
688321
300647
301230
688709
300311
301025
300276
300250
301053
600651
688117
300106
002475
300516
600176
603988
688351
002822
300627
600732
002426
600435
600329
688621
688536
600760
688125
300238
688378
002565
002270
300593
001229
300486
300747
600113
301607
002107
688486
300807
603156
603297
301307
688179
002730
600860
300373
300164
688202
300842
603069
688126
600301
300943
603499
603011
603016
300849
300025
600722
688131
001221
301313
688584
300953
002571
300093
600391
605111
301368
300127
688507
301218
002805
002050
600996
600714
300931
002138
600160
600584
600540
002480
688372
300693
301085
300152
300936
002294
600653
603730
001269
300522
300125
688272
002456
300602
300046
600845
688068
301188
603725
688682
603655
300607
688401
600733
301602
300534
002126
600114
002945
300321
301379
300175
301618
300151
605499
688218
300635
002379
688208
603828
688070
301667
002716
300005
688079
301609
301662
002008
301000
300648
688419
300357
688686
300669
300192
601133
688380
300760
688336
600107
605188
688099
688312
300479
001400
688297
603195
605580
300440
688059
301382
600563
688088
603137
001259
605016
301556
603002
301033
600961
603358
300946
301176
603000
002703
301328
688609
002633
688376
300254
688728
002112
688168
002903
002792
300508
300748
002774
002656
300354
300654
603696
301687
002173
000678
003009
301628
300612
300820
002309
688510
600226
301479
301557
603519
300103
002595
601595
600562
603993
603259
000068
301419
603444
300878
301095
603958
688122
000426
603075
300904
600988
300274
603379
301310
002947
300812
603219
600487
301068
301584
301535
300656
300556
688216
600857
002025
301171
300101
600379
688699
002957
300113
002793
603283
300124
603132
688323
000880
301297
002549
688262
002021
300454
688601
000620
301595
688249
688172
002115
000021
300831
300529
600588
688469
301125
300963
002265
003043
000929
002971
002881
300913
002857
301299
600654
600549
002080
300198
603688
300697
688448
002176
300359
002682
002321
688182
000066
301517
688711
002297
300547
300163
688371
000895
600750
301293
600771
300523
300613
002885
002162
300211
603296
000802
002230
603138
301617
688559
300327
000559
300539
301275
603222
002229
002149
002123
600460
600189
688271
688721
002970
688209
688046
300660
300665
300377
300334
603721
600285
600148
002427
300921
600871
603196
300418
688710
300333
688620
300759
300329
301522
603717
301656
300832
688646
600182
002453
688170
301488
688538
688280
002350
603311
603127
600400
002188
688478
002577
300337
003006
300816
300670
001388
600367
603395
300598
601068
601112
300967
600345
001298
300001
688697
688386
301162
300115
002771
002897
002642
688052
300713
300032
688097
300554
002059
688279
301251
688698
300565
002568
002175
300037
600580
001226
603703
605099
300686
002875
002017
688069
300222
603005
688106
300497
002935
301196
603057
600689
300537
300726
603120
300084
603868
601899
002201
688608
001279
300611
003021
002518
688237
603088
600302
600570
688573
301292
300900
002361
301380
605055
301059
002407
688030
603179
002729
301111
300966
002155
300246
300008
000868
002853
603606
002415
603301
601069
301680
002232
000856
301076
688607
600571
603085
600706
600250
688600
605008
301520
000833
300939
600354
300821
603931
001382
600885
002787
600660
300955
603122
300100
000558
002095
002192
002681
000637
300894
600768
603123
301516
600455
300513
600605
000636
603050
689009
603501
603920
688100
300474
002755
603072
002049
002530
688239
605296
300520
001236
301588
300896
002362
002762
688290
000545
603605
301137
688291
688367
301280
688788
600818
601026
002600
300149
301295
601168
600501
603399
603559
603538
605598
600513
600371
300235
300531
300382
000818
688353
300839
301038
603028
002715
600776
001317
000603
002826
003033
605100
600084
688543
002315
300984
603400
600418
600855
600667
002467
300018
300484
002871
601106
605196
002709
000058
001314
300557
688400
605299
600403
300110
603533
002292
300398
688475
300699
301178
002800
301029
688305
301237
600406
688013
002451
603607
603383
000158
300424
300756
600423
300162
000078
300615
301003
688345
300390
300685
300421
002471
000151
688665
688726
603638
600078
688505
688035
300137
002650
688484
301073
600171
300015
688596
002915
688522
600255
300753
002594
000739
688301
603698
301398
600272
301502
301366
603193
300559
600505
001376
301016
688314
300558
002969
300909
002150
300743
002193
000590
603927
688679
601689
300509
600538
603380
002890
300251
603683
300292
301363
605060
300135
301558
301002
600763
301365
301513
688619
300290
600547
000801
600192
300374
603486
300221
000572
600847
002273
000037
605303
300675
603248
002946
688302
688173
301498
002828
300623
688356
301056
688135
300679
603918
688269
688138
603336
300141
301548
000762
603337
300560
300785
688029
301261
300404
603979
300584
002279
002987
600975
301487
603317
300563
002245
002335
301273
603092
600316
688398
002056
300533
600088
603327
301551
002558
002164
300007
603319
002838
300405
003041
688039
002320
300225
600721
600376
000795
301252
300397
603983
300102
688516
300727
301202
688210
300453
300996
301387
002882
301012
600203
000752
603087
688281
301257
688036
301189
000062
688171
002515
603030
300433
688683
603032
300917
000668
600211
300017
688790
002196
002517
300773
688513
603170
603466
300515
002355
603729
002952
600989
300880
688228
688379
300422
002821
300571
601020
688253
603207
300893
300585
603039
300920
688396
002850
688768
003000
603130
002923
300491
688512
301092
603595
688653
002311
300911
300582
301091
603601
300393
300905
002956
688631
002639
300352
600862
688282
301580
002995
000409
603678
000799
600569
001328
001238
688626
600900
600895
603065
300605
300188
688689
600410
300848
300177
300456
301613
300068
600712
301101
601958
300797
301160
600552
300960
002219
002370
300059
688320
002195
002830
603709
001266
301668
600800
603213
002989
000615
300159
300234
301589
300063
300083
002553
301141
002940
688056
301041
300962
301080
300875
300378
001212
002575
688798
600289
002396
603657
600822
002387
000526
300824
300810
300619
688479
301268
301159
600809
600641
603960
300444
000737
000025
601882
300348
688283
688083
603178
603685
301161
002158
002550
600099
000975
603121
000955
600359
603908
688636
688511
603033
688562
000697
000423
600630
300901
002843
002782
605488
605011
001696
002723
600730
002865
688286
301180
002907
603766
300181
002548
688719
002920
300043
300566
688612
003040
002043
002186
300009
300782
300790
301289
301040
300609
000790
603125
688586
003022
603626
300889
300961
301042
601777
300721
301591
688038
002803
301153
300227
000920
600165
002185
002383
688618
002487
000829
301120
300184
600292
603273
605277
605116
300034
002555
301049
688115
300712
300086
688503
300927
605186
300948
605056
688552
300206
300882
300687
603615
605358
002927
605069
002009
603257
300809
002677
301127
002169
605589
688225
603097
002951
300341
603888
002422
301043
002246
301052
603082
301150
300780
001316
688799
301019
002104
603188
600887
603722
000656
300802
002351
688551
301633
300257
300414
603679
301567
603392
002624
002472
688508
301315
301023
600378
002768
688116
601991
688528
603429
688163
603353
301027
605588
301226
000952
605128
002977
300161
002602
688247
603370
600522
000985
002870
301179
300586
300549
300709
688381
603162
301069
002708
688055
300808
002117
300767
300653
301157
002685
300343
603819
000333
300942
688332
300452
002810
688159
002801
002983
002766
301234
002153
002413
000973
300450
300696
300949
301323
688049
002668
301067
301110
300840
300951
300828
002861
600268
300827
300817
002151
002346
300318
301270
301057
600749
603716
002777
002802
300580
603767
601086
300680
002611
301565
300910
600815
301348
300420
600257
002645
688231
600498
002535
603303
603027
000793
605398
002485
300145
002124
301658
300048
603233
300030
000893
000681
603726
300902
688155
603298
002767
603790
301281
002972
603373
300632
002985
603169
002683
300252
002170
603439
600130
603290
300703
001335
300278
688190
003035
001287
603272
300298
688588
688580
688678
301622
605005
002913
300288
688076
603341
300012
603229
301381
300229
603386
603477
603091
002606
603989
000792
003029
603416
300950
603997
603786
603068
002925
002179
001326
301665
301077
688776
000410
000516
300415
002580
600330
603551
300638
600360
001393
300768
600137
300142
603155
300813
300881
002698
600392
301528
000008
300304
000969
301577
600489
300845
605028
002579
605168
002831
301598
001268
603236
002006
002824
688238
603906
688114
001210
002372
603755
301236
600990
688051
688429
300643
301560
000607
301071
603312
688226
600151
600318
600184
300316
300429
300417
002445
688337
300739
603285
688050
301004
603131
300592
301037
301682
002470
603271
688716
300105
605020
688500
002342
000712
002037
600110
002544
605287
002891
603855
300448
002085
300173
301408
300987
600568
002001
001258
300746
002402
300087
002632
002883
300098
603992
603042
600298
002657
300411
002714
600025
003030
002014
301046
002476
002846
001365
002570
603058
300852
605378
600415
002380
601136
600644
600684
002721
688212
300445
300006
000677
688517
002114
300386
600468
002003
002965
688592
300735
301156
603488
600188
001208
301459
301631
002458
603239
301360
301372
603500
000554
002976
002603
301148
300319
301192
603198
688033
000909
300937
688156
002631
300494
688092
301507
300323
300733
688016
600629
300719
301112
603063
301538
300272
300143
002137
300562
603637
605305
300253
002829
301581
603015
002446
688591
002437
002148
301393
300634
603933
301585
001299
301255
600452
301277
001395
600131
688252
300488
301358
603890
300711
688310
300715
688352
300822
002298
600598
301028
002651
301449
300740
000430
000048
003015
603777
002086
003001
000782
603334
301265
603838
300519
603976
002981
000848
002895
300717
002884
000700
300899
301083
688189
600446
002591
300471
603676
605006
002262
301105
688660
601179
601872
688589
301539
300925
688597
300603
301017
002474
002247
688816
688230
600545
300550
001301
002420
003007
300317
600615
002733
600085
601231
002922
301256
688153
300897
688410
300886
002725
300979
688509
301333
001300
300226
300986
300847
605288
000429
603596
001202
301107
300187
002738
600521
002103
603708
002496
002063
688718
603871
301087
603803
002082
603037
300784
301138
688750
300148
300303
300667
301608
000807
300166
688659
300844
600497
002679
688067
688565
301119
300170
000523
300265
605319
300701
688261
300637
688360
300389
600313
002749
002401
600222
600518
000777
300243
002908
300869
603602
600363
688539
688667
000032
301446
600872
600463
002587
688292
600310
002728
002180
300774
603026
002216
605599
301267
301020
001356
603668
300633
002157
688096
002921
300590
002739
603998
300496
000682
688093
603150
300652
603106
300976
600158
300763
688071
688004
603118
002488
600478
003025
601225
000768
002599
688335
300830
600779
002493
001256
600868
688369
301113
603318
002055
600724
300898
300350
603949
300275
688455
002676
002410
002638
300532
301116
002287
002780
002860
603160
000901
003039
603173
600609
603023
688087
002886
002275
301508
301035
002806
002674
002559
688255
300247
002184
300527
300572
603220
300416
605167
600775
002519
002418
301097
600600
603811
301361
000428
600577
688010
603194
603038
603355
688185
000858
600191
688045
605268
002841
000568
601858
600237
002675
000042
003019
688681
300081
300403
688098
300541
300498
000524
601969
301499
603216
603166
688363
301397
600288
300935
603350
301231
688058
600803
603324
000736
301201
688293
605086
301222
300995
301301
300578
600783
002706
300621
605228
603255
600850
000978
688105
300324
600029
000960
300261
688157
600227
601700
000935
300010
600879
002648
601059
603333
688561
688128
603270
600199
301187
301117
600444
301291
002345
688377
688181
603697
300546
688733
300641
301172
688789
000859
600735
300658
300992
001237
603210
600381
300922
002174
300745
002130
000680
300968
601021
603277
600867
300879
002735
300231
688129
002068
688273
600243
688078
000970
688499
300427
301011
603677
000915
300989
603232
301552
601127
002347
600560
300507
601066
301082
002161
600129
300538
301050
002452
301132
300279
603690
688767
002878
001396
300674
002253
301008
601096
600152
301060
300864
001206
603010
300940
002832
301336
002209
603859
603798
300366
002689
300930
300577
688550
603876
301555
601099
002238
002105
300629
603899
000422
688207
002726
300952
002702
300708
001288
002293
000538
600207
300752
688623
300315
002929
688358
600201
600338
600012
001211
603656
600664
002991
688006
300552
300525
300865
301026
600882
688251
301575
002300
002692
603338
688557
301061
603267
688296
300998
301300
300014
600773
301215
301578
688311
688389
002993
002773
002240
002858
301282
688136
300107
600984
603928
603101
002203
002343
002757
601089
002136
603939
300423
688778
002177
688077
301239
300314
001306
000034
603205
688651
000997
601702
603903
300786
603806
300932
301388
301081
001234
301371
600576
600305
300929
000729
002366
688073
603375
605208
001219
600645
603969
601799
301185
301168
301376
301491
300501
603919
301001
603885
603978
000608
300011
301632
603712
002194
688005
002165
002833
301302
688529
002090
000338
002360
603363
300978
300263
603406
300805
688579
601599
603235
301133
000301
301636
605333
000629
300825
600993
002198
000720
301590
002007
002961
600499
000525
300062
300130
600021
688178
600737
002241
002605
300834
002125
600525
300640
300769
600973
000532
688085
600408
002250
603402
600239
002430
688288
002660
000933
603093
002044
601608
300705
603658
300401
001380
301500
300617
001260
001255
603281
603060
603706
300777
600983
688772
688395
605337
002867
000963
301337
600579
002967
000703
603915
603912
300957
600326
603659
300994
600903
002200
300758
603809
600756
300854
300941
600679
300215
600893
300600
300291
002318
300165
300608
002264
300200
603293
301428
300770
603815
600312
688244
002955
301339
301359
002268
002644
300783
300144
605338
301130
301233
300545
600619
603985
300286
600007
001366
688060
603004
603199
301211
688755
300402
605089
603508
002181
300789
000635
300659
300074
001369
600851
600686
688450
000063
002429
000948
002811
600096
605366
605369
002481
002389
600797
000989
002324
301468
002465
601360
301399
603528
688152
600232
002460
301533
002122
002849
603568
002626
002020
301186
601088
000722
002997
688563
003002
603330
600161
603059
601118
003020
301235
603489
300644
000788
002403
300690
300980
603687
601212
002421
002395
002223
301208
300095
688722
301331
600202
688558
301279
688161
688388
688080
603320
001239
300884
002909
001390
688118
300988
300067
000561
002197
001324
600117
605090
603897
002368
688566
603391
002416
301262
603409
000630
603619
603315
301078
002498
301288
600095
300347
002534
002278
002397
002760
300681
300075
301066
002131
688339
688657
002077
603328
002182
300470
300154
000513
688616
300587
301518
688717
001318
300076
600559
600839
300004
002510
603718
603666
600490
688007
300019
002835
688084
688489
603181
601061
600802
600309
300614
003013
603848
301175
301320
688435
600825
300651
001373
002388
603006
002094
603713
002737
600977
600590
605162
603565
300926
002866
603070
300916
300002
603977
002400
688193
603043
300109
605007
002349
603117
002516
600592
001360
301391
002670
301181
688680
600980
300369
600817
001282
000596
002877
000551
688113
001336
001223
300858
600640
002152
002769
300891
300818
603369
300597
688638
300788
002820
002917
603331
300406
688259
002041
301349
300224
001391
603636
300036
603309
688590
688315
301136
601890
002823
300906
600336
600031
603922
600350
002609
000819
001313
301501
300595
300908
601058
603507
002557
002127
000420
600692
603583
001379
000931
000958
300412
002554
300447
688326
002880
688139
300473
605388
301149
300876
300132
300971
300691
002424
002545
688695
301010
600556
300702
603158
688053
300483
001319
000026
603926
688533
300446
301203
300928
002039
002079
605033
300383
688458
601888
600620
603529
603291
002930
002953
688575
300203
300176
688350
600925
002331
603197
301198
002962
000878
301089
601798
300871
300435
600685
603280
002083
603223
603909
688553
301197
600531
603515
600875
301329
688022
301367
300892
301051
003032
002337
600488
603886
300351
605058
601628
605123
603882
600241
600986
603135
300511
600366
603966
600834
000803
002584
603860
300259
605555
301062
301207
688219
002928
000710
301512
002266
301586
000099
300281
000922
603628
301503
603936
301616
603816
600693
002215
300041
600992
300031
301314
688355
000767
300872
002284
300568
002912
300791
300993
603707
300174
601600
300856
603048
300122
001285
603390
300490
688779
600770
600388
002242
002015
000921
002339
600833
002102
603022
002532
000993
002933
002686
601369
300310
300088
605018
000888
603266
300289
300066
000751
002812
603172
000565
002817
603578
601579
301158
603107
001207
000676
002033
002468
688095
000155
301152
603418
600010
300099
603867
688329
300873
603062
301190
001367
600486
002064
688334
603344
603176
603352
000698
301287
601111
603014
002612
688518
301193
002523
301210
002900
688236
600143
002864
002942
002365
002759
000663
301683
603098
300877
300965
600389
600906
300823
300295
300673
002444
688571
688338
002263
600566
603351
603100
001222
603051
600456
688061
600470
002285
300016
301298
688648
688246
600838
600863
300983
301378
603076
000837
301058
003017
000899
002495
300020
300833
002959
000999
301386
000957
002202
300320
000683
002876
002129
002533
603345
603237
002432
605133
001289
600535
603719
603558
300133
300244
603212
688169
601727
002893
300618
603109
605066
000519
000567
002963
300775
002062
603029
002522
600058
300155
600938
300112
301272
603013
300792
002763
300219
300296
600691
603332
600217
603208
301505
603588
002988
301032
300092
600481
603215
002678
002065
301677
002352
000816
600375
301121
688658
300631
000758
000400
300676
301311
600303
600699
001358
603036
603829
300826
603970
688501
605155
300514
600293
300277
600428
301122
003028
603136
000601
000998
601012
301009
000738
301220
688130
600662
002578
688065
300437
600617
603955
002299
600011
600665
001312
002057
300214
600527
300504
002643
003008
603161
600448
002385
000756
301199
603206
002688
002748
603326
603182
301439
605218
002889
301106
002906
601038
002664
002139
002023
603201
601177
603967
300599
600295
300047
002497
688299
000672
000612
600995
603630
001230
001231
301390
301173
600026
002592
300761
605258
002815
603066
603049
002190
603126
300082
300801
000810
603590
603382
600976
002617
001220
002461
002132
600333
600886
300239
002695
600916
002734
002658
002301
002334
002840
000791
600315
601567
300596
301509
600500
600251
603648
605286
600573
600703
002756
301283
300441
002546
600262
301096
300218
688275
603080
002084
000100
300035
603275
002486
605365
603165
301115
600543
300838
688556
002910
601022
600323
002249
300841
300363
001378
601965
301229
600829
000576
300248
301383
002712
688468
300683
600055
300650
001225
000876
603105
300804
002687
603191
600674
001323
300306
002404
600843
000564
002093
002171
603112
601001
002845
000425
001330
301322
002911
002576
600558
301559
300228
002825
300126
600267
301219
603556
002511
300707
301048
300610
688581
002111
601995
300798
603577
300755
600233
600054
002208
600150
001332
603739
301370
600479
688687
300787
600307
300457
301221
300973
300517
600883
600711
600398
603151
002333
000812
600351
300505
688201
301212
002438
001368
605259
601609
002672
300371
301047
603017
002601
002074
600426
300512
300434
300376
300213
688670
300695
688223
603053
688349
000014
601696
002598
600710
688175
601929
300725
600930
300915
000708
301353
300365
002405
301309
000555
603956
688032
002455
002099
300682
001228
603276
603279
300409
300947
603307
002973
000725
600459
688026
002012
601336
300778
601137
001233
300919
605151
300119
301108
300945
603387
603858
688023
603329
600909
600162
301601
001216
605180
300564
603289
600873
301246
301469
003005
001387
002797
300267
300481
601116
300677
300040
300193
003816
000753
002700
300861
001308
600830
300594
600072
600702
600482
600362
001215
688633
301278
001209
600572
000761
601007
301395
300645
600690
300146
605183
601633
600135
300407
688265
603693
301135
603520
688276
002128
000852
002098
002999
002312
002765
603108
603617
002752
002011
002159
600060
002950
603365
002466
601985
603610
002227
688132
300241
300977
603189
600561
002097
688021
301303
603776
002691
002166
600846
601226
688439
605009
603221
600346
600178
603901
600578
301525
002448
600816
301330
000009
002798
002327
301100
605222
002276
300956
301325
000927
601619
002899
002088
600210
002615
605507
002206
600533
688671
002357
603325
002799
600546
002295
002941
002613
002291
688285
300134
300138
688598
301118
601952
000887
600792
600622
300185
301151
601083
300172
600621
605068
600386
002507
600039
300307
002590
002635
000951
301109
603214
002873
600101
002560
605566
601918
300860
600901
301022
000045
600812
301163
301266
688391
000006
002340
603227
301227
002982
300543
002968
688639
605339
600876
605399
002328
600557
688119
301131
603758
000096
001286
605567
000813
300888
603727
688696
001283
603948
001325
300601
605088
603587
300080
001278
600967
600764
688576
605003
301418
300662
603225
603788
601399
688184
600377
600529
600784
300180
600179
603999
600103
688526
300500
603861
300862
600794
300535
301238
300692
603456
300021
300851
600079
603278
002100
002439
601121
688057
600789
300482
300837
000626
600256
600523
600707
300694
603686
300072
000651
600062
001248
301318
300360
002234
300933
603506
002541
002469
301216
300182
600795
600933
301456
002096
603192
688570
000713
300120
600595
002819
603055
603566
300003
600475
600635
605189
600941
605300
001386
601198
600030
300158
300642
605368
002303
603887
002116
600824
600166
603787
300970
300079
301155
603917
002597
300999
002879
002332
600032
603839
301129
300326
002998
300073
002537
603889
002283
603421
002358
601216
300958
300150
601388
300217
301167
300815
603258
002255
603282
000019
600300
603733
002019
000823
000925
688472
603569
603168
600612
300129
600616
603300
603883
300196
300724
600746
003042
600283
002236
603700
002978
603836
600141
600372
688393
688599
603153
600053
301090
600676
002108
001296
301065
603321
603231
300183
002412
688187
603238
300335
002724
600399
000573
301515
688348
300793
002818
600738
605169
600765
300923
603799
000886
688613
603611
002593
600761
002254
600100
002960
600663
002526
301177
600052
301335
000735
600495
600009
300387
600927
000902
301195
300375
301260
601101
600370
002392
300737
000505
688357
688267
601162
688366
301429
000905
300428
002239
003003
603633
002322
002562
600089
002296
603012
600982
002145
002887
301587
300240
600999
000582
600493
000733
603600
002732
600880
600968
600626
300883
300233
688426
603877
600826
600320
688217
300485
600821
600438
000060
600835
002949
601016
600163
603896
688466
603305
000967
600935
603408
605108
002376
300384
603613
000049
300510
002457
001217
600917
600865
601015
600382
001333
601236
000661
300796
300890
002237
601975
600352
603527
300850
605377
000665
002783
000783
603866
002440
000061
301103
600108
300625
600509
601156
000716
688408
300887
605158
600231
603095
601611
603937
001322
002696
000600
002563
001277
000949
300462
002258
301006
600650
600223
600956
003011
600633
603260
600429
600006
300451
002286
001311
002697
603284
300245
603079
000539
300829
002663
002140
601008
600196
600252
002048
601375
002494
600774
002627
601339
600604
600422
600515
601218
002489
603111
002508
002304
002588
300771
688196
600416
301305
600063
688101
601886
605080
000755
603339
603116
688399
688707
300772
605166
300039
002581
688289
600159
000530
688137
600169
601568
002226
002183
000779
600801
301276
601330
300918
000776
002567
601000
600681
601990
603209
002492
002054
300583
000715
600814
688133
600848
600230
000088
600777
300575
600249
002671
002531
301519
002586
603680
002628
603612
002204
688199
002996
002419
002539
002078
301102
600897
603995
600480
601808
301332
002745
600819
601857
601233
002408
603366
688420
002442
688203
600754
002556
000159
002218
600433
600299
603310
300160
600759
002228
002561
603073
002106
300118
301355
600905
600059
002443
002271
603681
003023
600380
603202
002637
600618
002869
603041
688567
603535
301327
605136
000011
600516
600688
603102
600461
300258
600796
300207
600979
002649
000404
000597
601515
000723
688819
600197
300413
601033
601900
000550
002788
603711
603579
600594
301126
603183
000830
000650
601728
301036
601968
603167
600458
001218
002434
002701
002277
601199
001338
600195
603190
002399
002367
301258
603089
601566
003037
688602
601999
600841
000860
688162
603096
000786
000631
000153
600235
301356
600261
600038
300636
600056
002572
688569
601928
603396
002053
605138
601298
000757
601616
002669
002267
002406
688151
000089
300190
601717
601158
601956
300232
600361
688425
002363
603810
601636
600517
301170
002038
000881
002616
000800
300140
301290
003027
301166
002746
601881
300026
002852
601098
000987
603020
301098
300121
002986
601878
600884
600057
603856
000036
600229
002154
603071
002075
300271
600483
603987
600613
000913
601877
600642
000517
601279
688459
688737
300171
600167
603081
603589
000966
601678
600728
002918
603230
600348
600511
603393
000403
600785
600729
601686
301206
300396
600027
603299
605050
600258
001205
601816
600727
603833
603077
600081
002243
601921
300741
000862
600888
000655
603759
002790
000407
002040
600575
300439
603086
600173
688089
600080
600327
002646
600708
600477
000157
000541
000421
000705
300425
600586
600866
601898
603898
688009
600751
603980
603586
002251
002459
603217
301088
601901
002307
603128
688063
300867
688370
002026
601827
603689
002705
688015
300381
000869
000598
603511
002662
600596
002659
601788
002984
301063
603348
002661
002736
603639
600106
000543
601139
601228
600126
002135
600116
688232
002540
603968
002035
000750
603808
002479
300230
300294
600282
600216
605177
603187
688211
600929
002585
300355
300332
002761
300800
603869
002042
605577
600861
605077
000968
000875
002543
002772
600718
603661
603768
600658
600073
301223
000863
600076
000719
300982
600369
002225
601107
601108
600507
002252
603367
603818
000919
603313
002500
300057
600120
002330
002022
601002
002045
002030
000821
002454
603517
600469
605122
002939
300358
600587
600597
603001
000411
601319
605266
600008
000548
601688
600215
601211
300194
000828
600981
605500
603878
601003
600419
002393
600987
000166
601866
601598
601019
003016
301296
688330
601500
600918
601811
605336
601677
002449
601949
600082
002483
002373
002623
002274
000599
001201
002809
601699
002381
002551
002425
601789
603218
601065
600004
002673
601865
000570
601919
603381
002160
001965
000035
002386
002538
000822
600218
601766
600998
000983
301039
601326
603916
601601
603817
600985
601996
600736
600757
600960
600611
002753
601318
300388
300729
600548
601456
600965
002441
002521
300443
600798
601908
601518
600439
600958
601868
600395
603585
002791
002224
000065
600219
600810
603900
603982
000937
600713
002566
300055
600745
002142
600503
601377
300349
000625
300305
000897
300430
601113
000652
600271
688606
002120
603599
002146
000809
600332
000417
000027
601311
600675
603609
601615
300569
000686
600467
600828
600628
600125
000528
600731
000707
000605
600128
000639
600023
601555
002727
002722
000883
002051
603567
000531
600854
002863
600133
000917
688739
002244
600970
688317
600273
000039
002478
001914
002024
002423
688303
300639
000012
601838
000031
600858
002926
601801
300981
000912
600177
000731
002390
600109
600637
601666
600036
600583
002060
000928
002641
000415
600420
002187
601011
603458
001872
002004
600097
600425
000521
000923
000529
600955
002666
003038
002073
000850
600409
000030
000514
300463
002221
601880
600864
002067
600969
002034
600805
600368
600094
002282
000936
000685
601188
600075
600018
000557
002582
600356
600874
600966
603357
000885
600287
600526
000581
601588
000690
600780
000546
000728
001213
002144
000930
002191
688560
002573
601018
603008
600187
002382
600926
002109
000156
000552
002758
601288
002574
000617
600758
000563
600138
603180
603018
601607
002314
600582
603801
600098
601368
688186
000537
300284
600919
600971
600050
601200
002948
603368
002029
600033
002391
600790
600808
002872
600168
601778
600551
000950
601366
000544
601005
002608
000906
600741
002589
000797
000717
600325
002091
600061
002462
000619
601939
300195
601512
002101
600022
600720
603185
600328
000507
600894
600853
300664
605001
000419
300732
600028
601665
600449
601333
603035
002233
601009
600648
003012
300616
600623
601222
600020
002302
000059
000591
600963
000589
601187
600279
002398
600037
600157
601163
600639
601128
600787
688075
601988
600496
600697
601966
603518
000785
000623
002081
002010
601398
002966
603359
600278
002016
600939
000028
600716
600603
600339
600827
600508
601963
002614
601117
000553
002212
600067
002743
600959
600064
603797
688298
600170
600335
600502
002133
600638
600755
600035
001979
600643
002394
000055
600155
600742
600997
600694
600748
000965
601718
600123
600019
002061
600528
000990
600717
000926
600284
000718
601825
601010
600704
000825
002932
600017
600153
601658
600740
000959
601006
600655
600567
600859
601077
601998
000882
002839
601669
600510
002344
600208
600739
002375
600373
000778
000050
002807
000090
600668
000560
600820
600051
601618
600908
601328
600308
601229
603385
000900
600390
002092
601577
600512
000789
603113
601238
603323
000726
000501
600585
600269
601528
000498
601860
601166
000932
000001
300070
600606
600928
600657
600682
600266
002958
000910
600649
601916
000898
688496
601828
000709
600000
601155
001227
600104
601992
000069
600248
601668
601169
002110
000401
601818
000402
600782
000877
002936
600180
601800
600015
601390
000002
002731
601186
601997
600048
600491
600016
688121
600383
301139
688555
688287
688086
605081
603996
603963
603603
603555
603468
603388
603157
603133
603056
603003
601989
601558
601299
601268
601258
601028
600991
600978
600899
600898
600896
600891
600890
600878
600870
600856
600852
600849
600842
600840
600837
600836
600832
600823
600813
600811
600806
600804
600799
600788
600786
600781
600772
600767
600766
600762
600752
600747
600723
600709
600705
600701
600700
600696
600695
600687
600680
600677
600672
600670
600669
600659
600656
600652
600647
600646
600636
600634
600632
600631
600627
600625
600614
600608
600607
600599
600591
600565
600555
600553
600532
600485
600472
600466
600462
600432
600421
600401
600393
600387
600385
600357
600355
600321
600317
600311
600306
600297
600296
600291
600290
600286
600277
600275
600270
600263
600260
600253
600247
600242
600240
600225
600220
600213
600209
600205
600200
600193
600190
600181
600175
600146
600145
600139
600122
600112
600102
600093
600092
600091
600090
600087
600086
600083
600077
600074
600070
600069
600068
600065
600005
600003
600002
600001
301707
300799
300742
300630
300526
300495
300431
300392
300391
300379
300372
300367
300362
300356
300344
300336
300330
300325
300312
300309
300297
300282
300280
300273
300262
300216
300208
300202
300186
300178
300156
300117
300116
300108
300104
300090
300089
300064
300038
300029
300028
300023
002898
002808
002781
002776
002770
002751
002750
002740
002711
002699
002684
002680
002665
002621
002619
002618
002610
002604
002509
002505
002504
002503
002502
002499
002477
002473
002464
002450
002447
002435
002433
002417
002411
002359
002341
002336
002325
002308
002288
002280
002260
002231
002220
002147
002143
002118
002113
002089
002087
002071
002070
002018
002013
002002
001232
000996
000982
000979
000976
000971
000961
000956
000939
000918
000916
000866
000861
000851
000836
000835
000832
000827
000817
000806
000805
000787
000780
000769
000765
000763
000760
000748
000732
000730
000699
000693
000689
000687
000675
000673
000671
000667
000666
000662
000660
000658
000653
000638
000627
000622
000621
000618
000616
000613
000611
000606
000602
000594
000588
000587
000585
000584
000583
000578
000569
000562
000556
000549
000542
000540
000535
000527
000522
000515
000511
000508
000502
000418
000416
000413
000412
000406
000405
000150
000047
000046
000040
000038
000033
000024
000023
000018
000015
000013
000005
000004
000003
600340
000016
000826
000056
002717
600581
300268
688066
002634
300212
600476
300044
301030
600683
600791
000701
002547
300338
000609
300147
603021
000838
603378
300197
300157
300716
002542
000610
000911
600537
002694
002514
002620
002630
002856
002528
002667
002775
300027
300385